$ANSIBLE_VAULT;1.1;AES256
38376636653231313231376666396235316333633239653233633762663638653537336161343236
3239343739313033363264343132613863323633643635320a316237343137366163323530376136
33323736343064626462623935653138643464343666333733303665323561306336623161643162
3532656339313130310a346363643863353339656536386664623930323461323430613739323766
30663038613331343731663830653461366465316132643735666565643966356565363930303763
30306364653936313064303230643964633836653264336462343434643764353830373839396537
35363864643339313831626564346266313865643265613630393465353735653438316530643838
35333733346431373865646365363765336533613434333163303633376134366134333663393233
65633631323663636136313361346130386636623637636531383336636162373561336562343665
34336337393130363466393765343963343531363430636534666265333135323665666265323962
65613364613665393161323962393361643166663439303463326538356232376364333130613535
63313332376665323533323633623764306466366664316566383337386431653166626336306233
62396462316131343539376264373739623763636662303165346537326336356164636431326233
39366631366638666435636265643364346332326137313962353139643333313938343930366263
30316566386662383933633530386438653362643832643464393064326562666365356537636639
38313464373230323966613830363639336432663061316437653636386332633866336639313433
3566
